0.00065813	-0.039116	-0.0046275	0.028046	-0.99084	-0.12609
0.0055294	0.0023022	0.00047372	0.99956	0.026731	0.011572
-1.6357e-05	-0.0031053	0.017949	-0.0081029	-0.1264	0.99178
0.9996	0.027539	0.0037801	-0.0055781	-0.00058781	-8.6187e-05
0.027805	-0.98959	-0.13561	0.0010911	0.039195	0.0043605
-7.209e-06	-0.13571	0.99058	-2.9527e-05	0.0030168	-0.017968
